0,273
0,270
11,25
11,23
11,17
11,5
11,4
17,2
17,1
17,3
15,2
15,1
15,3
16,2
16,1
16,3
13,2
14,2
4,25
4,26
4,4
4,19
4,87
4,27
4,29
4,31
4,11
4,13
4,1
4,17
4,2
4,3
6,5
6,1
6,4
6,2
6,3
7,7
7,8
7,4
7,5
7,6
7,11
7,1
7,13
7,2
7,3
5,4
5,2
5,1
5,3
67,35
10,92
10,14
10,68
10,288
10,162
10,174
10,106
10,2
10,3
9,7
9,2
9,3
8,11
8,4
8,16
2,2
2,1
2,3
48,4
48,3
48,2
48,1
48,0
47,3
47,2
47,1
47,0
46,3
46,2
46,1
46,0
45,5
45,4
45,3
45,2
45,1
45,0
44,4
44,3
44,2
44,1
44,0
42,5
42,4
42,3
42,2
42,1
42,0
39,5
39,4
39,3
39,2
39,1
39,0
37,5
37,4
37,3
37,2
37,1
35,3
35,1
33,3
33,1
28,3
28,1
25,3
25,1
